-2.000000000000000111e-01 -5.081417805865259818e-02
-1.920000000000000040e-01 7.786353157028252925e-02
-1.839999999999999969e-01 7.954315154684939160e-02
-1.760000000000000175e-01 8.873971528028742894e-02
-1.680000000000000104e-01 1.456858601652574747e-01
-1.600000000000000033e-01 2.211122522957407743e-01
-1.520000000000000240e-01 2.310137951505315257e-01
-1.440000000000000169e-01 1.498370534592541048e-01
-1.360000000000000098e-01 1.763458105972068313e-01
-1.280000000000000027e-01 1.450975677160182276e-01
-1.200000000000000094e-01 1.121286378501608061e-01
-1.120000000000000162e-01 4.821610547561615279e-02
-1.040000000000000091e-01 1.665353695474561940e-02
-9.600000000000000200e-02 2.639873758513174712e-02
-8.800000000000000877e-02 -6.926235304241910862e-02
-8.000000000000001554e-02 -1.633832156454288476e-01
-7.200000000000000844e-02 -1.012313530681012291e-01
-6.400000000000000133e-02 -2.063247590162552159e-01
-5.599999999999999423e-02 -2.009457796165199650e-01
-4.800000000000001488e-02 -1.422084328129510633e-01
-4.000000000000000777e-02 -2.198779584422947686e-01
-3.200000000000000067e-02 -2.203339315656051012e-01
-2.400000000000002132e-02 -1.642307048420458826e-01
-1.600000000000001421e-02 -7.485588552488761649e-02
-8.000000000000007105e-03 -7.391992832123411850e-02
0.000000000000000000e+00 3.026899599816436012e-02
8.000000000000007105e-03 7.284566496568059546e-02
1.599999999999998646e-02 8.768018831126410395e-02
2.399999999999999356e-02 4.436434167937919337e-02
3.200000000000000067e-02 1.298174577280868380e-01
3.999999999999998002e-02 1.507970094526098204e-01
4.799999999999998712e-02 2.018384508333881389e-01
5.599999999999999423e-02 2.087501186274895171e-01
6.400000000000000133e-02 1.739508155565858694e-01
7.200000000000000844e-02 1.537138506049627873e-01
8.000000000000001554e-02 1.217846223810035849e-01
8.800000000000002265e-02 1.743215874974173851e-01
9.599999999999997424e-02 3.359082067656556786e-03
1.039999999999999813e-01 -4.377081530823447031e-02
1.119999999999999885e-01 -6.770757837518250055e-02
1.199999999999999956e-01 -1.040053787641883887e-01
1.280000000000000027e-01 -1.357350977769840872e-01
1.360000000000000098e-01 -1.905245791764546837e-01
1.440000000000000169e-01 -1.707354830316447636e-01
1.519999999999999685e-01 -2.259047253431981095e-01
1.599999999999999756e-01 -2.011849273829673379e-01
1.679999999999999827e-01 -1.362098756329921945e-01
1.759999999999999898e-01 -8.611533197051034205e-02
1.839999999999999969e-01 -7.155825624643352700e-02
1.920000000000000040e-01 -5.455279676282323575e-02
2.000000000000000111e-01 -1.415827380196458402e-02
